0 30 49 67 84 92 77 73 47 39 45 59 53 68 61
30 0 63 75 98 86 88 100 66 42 68 78 81 76 14
49 63 0 94 40 46 22 56 93 37 86 33 69 47 99
67 75 94 0 91 53 79 55 44 73 60 97 34 32 96
84 98 40 91 0 62 78 76 27 89 74 57 71 66 81
92 86 46 53 62 0 70 19 23 70 67 9 76 31 85
77 88 22 79 78 70 0 24 42 40 52 34 63 42 69
73 100 56 55 76 19 24 0 72 37 64 21 19 56 83
47 66 93 44 27 23 42 72 0 22 64 35 28 71 40
39 73 89 70 40 37 22 64 22 0 52 51 37 39 22
45 59 78 33 97 57 9 34 21 35 0 37 68 52 34
59 53 68 52 34 59 78 33 97 57 9 0 22 20 77
53 81 69 34 71 76 63 19 28 37 68 22 0 94 42
68 76 47 32 66 31 42 56 71 39 52 20 94 0 24
61 14 99 96 81 85 69 83 40 22 34 77 42 24 0