0 78 77 82 86 69 57 60 67 50
78 0 73 98 55 87 74 81 76 94
77 73 0 89 62 99 68 72 58 59
82 98 89 0 51 83 56 91 84 52
86 55 62 51 0 71 85 79 93 97
69 87 99 83 71 0 70 61 90 53
57 74 68 56 85 70 0 65 95 54
60 81 72 91 79 61 65 0 80 96
67 76 58 84 93 90 95 80 0 92
50 94 59 52 97 53 54 96 92 0
