0 86 57 78 22 39 59
86 0 68 98 11 90 36
57 68 0 19 28 43 84
78 98 19 0 14 12 15
22 11 28 14 0 30 99
39 90 43 12 30 0 21
59 36 84 15 99 21 0