0 71 51 60 61 92
71 0 53 50 82 67
51 53 0 56 83 55
60 50 56 0 85 90
61 82 83 85 0 58
92 67 55 90 58 0